0	286.69471019145976
1	272.3001213981847
2	286.6631096155792
3	253.8325372561178
4	286.4272534315189
5	152.85142224291428
6	324.6695733605538
7	152.94695256938655
8	397.2001333014688
9	253.96088468330447
10	396.5179894952735
11	396.5332764696386
12	171.8298616355431
13	252.17060263559708
14	266.5105633220212
15	209.24534295605753
16	205.8770540442605
17	214.0356348439297
18	199.5408991333539
19	239.60144310972558
20	238.53591882101566
21	241.16500469278972
22	259.9477975903514
23	192.99225568175012
24	437.9743450781612
25	206.1969511964646
26	124.45648488904347
27	79.1431086459989
28	138.3984102220652
29	276.4742967305839
30	203.07523063833054
31	489.09229070901273
32	244.55241592603323
33	231.61855679415672
34	598.235129086967
35	265.42406418516896
36	224.6872354015338
37	220.87823074858238
38	221.61117855918093
39	237.2527357293226
40	186.1963433475747
41	172.59097147477902
42	182.88811086479055
43	186.96483289134926
44	194.91779646576163
45	198.82215187552754
46	436.2381014959543
47	203.53616713670698
48	282.4321382737844
49	185.2755788224903
50	193.27177144423402
51	279.5803198354155
52	193.3662398927719
53	224.08670180083587
54	267.91718991030166
55	174.477270094896
56	181.881121279735
57	96.57546709095759
58	234.55657642513765
59	137.66622244323608
60	234.56939791010717
61	178.52998976042858
62	246.38803930504096
63	246.32744980671313
64	178.82427102150342
65	97.45970604813992
66	296.74799804853166
67	515.5597817046557
68	218.10853468442005
69	178.74429856080332
70	298.55547202159505
71	307.5834684369983
72	176.97825004481373
73	144.30479128144358
74	138.4507094671363
75	193.3121378268613
76	185.74983117880416
77	276.34015596143325
78	287.62683827287816
79	474.5730996838264
80	362.1286663801863
81	362.1988739147131
82	100.31059528229935
83	325.1127977549546
84	291.41866857302927
85	293.7136058342105
86	181.3673828643238
87	218.8310117190386
88	200.49002420399532
89	149.44002303285336
90	175.67204262117676
91	271.8372450473204
92	151.16893230023948
93	334.71221562458675
94	204.21908415880887
95	463.0625259787975
96	477.4040046910804
97	122.90236507890717
98	148.07382499764452
99	184.40466088033898
100	221.4893877622002
101	220.46372476125657
102	46.54480521145336
103	166.67497031554535
104	152.45887347239344
105	180.84389179750758
106	90.38831580397797
107	231.99766921481327
108	212.11266385552224
109	212.98298839011318
110	212.99816351310764
111	207.83856141322715
112	239.57026759904886
113	267.3897434639523
114	317.78667607419186
115	120.75481114821652
116	185.8652243314711
117	450.9278674423844
118	122.89033100576232
119	138.3873954713771
120	301.36438383723436
121	266.7512136346508
122	131.4985119557842
123	208.62915802995585
124	241.27468458957475
125	209.7679825862954
126	214.54431404761118
127	204.5340243038952
128	442.6588772272798
129	149.33541917969404
130	107.42658928013854
131	128.99352156473734
132	155.58326988410312
133	244.0917395072149
134	295.5167796552572
135	131.28192908520532
136	216.5482895375725
137	277.6998988817497
138	154.47045577666336
139	246.27557887423416
140	223.5460981608388
141	209.7621776817321
142	131.15516365495137
143	105.83175788279617
144	89.91656340038948
145	279.9203915393115
146	257.1751328703981
147	220.4501648484538
148	335.0085297263549
149	138.3729516594977
150	82.79471561523658
151	86.57006246434436
152	85.44048668706277
153	91.88829637223378
154	123.20181826442197
155	171.465548131409
156	140.94869002332308
157	146.63720454068383
158	117.33995608458521
159	244.0286652680878
160	169.5044027329995
161	135.0420587969389
162	213.2510174119771
163	155.79313623225545
164	162.76907850541969
165	135.9524305726416
166	118.55508227907059
167	303.1427635606447
168	236.52734934614938
169	292.4334071776334
170	127.8046490844811
171	160.3874335077772
172	320.77211271718744
173	263.17201264980633
174	221.6562621598227
175	208.7497653205829
176	366.0917740617179
177	201.74780771909963
178	130.62353522934546
179	136.72670275920134
180	122.26139922907252
181	579.3778503490595
182	196.84026590881987
183	633.1500708962359
184	192.3738119942321
185	236.55649681033054
186	51.68030136802794
187	172.02953372797805
188	484.6169964701339
189	199.05356371867956
190	127.06975149554309
191	189.41181274362086
192	105.54205172830913
193	127.72304145066654
194	176.64034795627927
195	198.72186121051803
196	341.84296935665463
197	204.2374820667543
198	124.39653406334996
199	197.66546608834133
200	191.22816570647188
201	178.55149608817783
202	131.82774745764524
203	100.83241713263702
204	290.85293869804315
205	250.16815727572987
206	284.71401363055776
207	266.1027352293755
208	147.4253622904356
209	146.3504068548795
210	272.5758955018243
211	484.1063320481455
212	223.46346418838988
213	487.7786569017812
214	210.91333910303788
215	439.8640054120527
216	125.08366033437139
217	446.8389593361299
218	104.1607580767428
219	153.96550281441412
220	194.86330822535027
221	447.71263349120125
222	223.48085894990626
223	204.2626227523153
224	410.6355827761152
225	180.56649319305038
226	165.35371245841299
227	69.05457619169358
228	117.74028938358822
229	311.22210102810214
230	162.82498707599606
231	132.3621771339928
232	107.60820225207513
233	163.3466129714988
234	214.64635048754033
235	520.2829652121779
236	183.06450467064195
237	217.50348259208837
238	167.73341753081698
239	101.83450377905282
240	101.82030668644043
241	130.72606625185898
242	283.4226166078406
243	192.51196935543632
244	178.12522565942504
245	125.23973389485863
246	145.71312773276992
247	143.44418046317966
248	121.6602559774315
249	184.36356731277266
250	98.32643650913178
251	116.35004033733287
252	227.8616947452582
253	217.27966232511125
254	173.30313770982517
255	205.18073154364993
256	471.28700278089946
257	103.29978232423896
258	305.7516023424268
259	260.3700207490683
260	338.390683336332
261	358.1099676572502
262	311.49950326088845
263	285.0632917457679
264	409.40370324880047
265	136.7898613444477
266	193.34281230416167
267	137.9532033562226
268	107.05467822832651
269	180.52173120674587
270	302.62981826127344
271	115.75576154853123
272	462.2120531997129
273	137.7822631551508
274	86.25628386673537
275	120.84524754837504
276	312.9200668382695
277	271.601857427663
278	256.3392087393136
279	38.36066034520953
280	175.38942593569288
281	166.51870263566835
282	392.9369891499123
283	119.26192741365789
284	166.1797693426459
285	107.83100832641325
286	231.17941245087928
287	237.7401902645924
288	178.65412232737523
289	127.50191036853592
290	80.77228730590764
291	152.46766227722827
292	256.6295360941598
293	260.06940558664394
294	151.6400033470283
295	155.4545772702077
296	171.04643655779006
297	87.72837731423817
298	216.4085217994867
299	208.97802064442232
300	249.8499163502589
301	147.01336859375826
302	168.1079180302638
303	157.40628097568194
304	249.2553593414256
305	93.95373484691741
306	199.1480440881339
307	220.25379463484305
308	172.653092944698
309	181.77895413440484
310	105.57330929707092
311	167.1247466051241
312	154.20665865290667
313	157.95604057222076
314	137.20882308663838
315	241.01962586424688
316	308.0280139689058
317	143.04691007401968
318	166.03851581087
319	195.55516967100286
320	141.18818899401822
321	78.74012804762906
322	260.6085443422773
323	258.40449008070925
324	151.50196941510728
325	126.24536035688841
326	133.8933784063116
327	229.15432802765937
328	230.74854052627273
329	153.9444155414219
330	271.61390783822543
331	256.32752005764684
332	120.26233050669629
333	207.6625904134062
334	162.93919191328413
335	112.50522448731682
336	112.50372142212508
337	179.2675646071367
338	142.446072799848
339	145.56409386396894
340	229.73246447049178
341	242.69315606349744
342	179.63382402528183
343	107.41509382893243
344	193.1678778764958
345	154.62219705997575
346	196.9741226417007
347	195.4554348456342
348	186.1636999856993
349	188.05299211792
350	180.8481666053253
351	215.80381724601847
352	189.22771600581342
353	157.18656573855444
354	194.34183281952537
355	187.64302383233002
356	166.11093593961428
357	167.19521838575076
358	186.71999285613865
359	137.35351684853512
360	148.63230580433884
361	156.8488946458413
362	216.66546979887033
363	324.4467066803556
364	250.09275686659612
365	321.98331949451864
366	242.56370691826643
367	372.3058337425923
368	146.2859179192801
369	173.67160163058108
370	185.04304060942485
371	233.78264553892922
372	551.793756578613
373	285.96064523354863
374	100.37262106179004
375	94.36069910513484
376	90.94684687327045
377	170.05769948598333
378	236.55692557203662
379	238.6897235103676
380	137.38915223796565
381	382.65613214656736
382	276.5183445100701
383	267.23282227445924
384	60.10941021737327
385	111.51659075402794
386	311.021915360352
387	101.10683442681976
388	101.17610839923091
389	101.04216799142662
390	137.49017809385367
391	416.4761696549512
392	182.4723568126545
393	168.91294597066022
394	77.60135692984271
395	258.0894362569567
396	84.79157883582222
397	134.95472167370198
398	223.10715360181354
399	544.7836403799455
400	165.2019065282965
401	268.04155385995
402	145.01459590778646
403	148.83531152516082
404	187.04048108647393
405	151.18840180295666
406	155.13368772574205
407	143.38936864488517
408	176.14446172666823
409	182.12959977851773
410	161.11024592065166
411	148.58900470389494
412	142.87748628787742
413	173.12391752578253
414	143.2510277137006
415	164.04270116071885
416	164.16968763824084
417	261.1564052444428
418	162.5366377064251
419	165.71764380467215
420	194.1873387908328
421	151.7794539090119
422	145.981843970859
423	165.30738585168717
424	168.30086868155016
425	219.42245297858184
426	184.35762033283464
427	308.1813910362751
428	203.55766762250852
429	287.8169108499277
430	305.8908432153706
431	257.04560289852486
432	253.3169972675198
433	106.85741717081711
434	161.48744753914823
435	125.00195104678637
436	86.91788091192889
437	250.86853400484557
438	136.62549204896283
439	110.03072161484252
440	39.36413913551243
441	222.58155133069792
442	209.7547945100808
443	215.9303763537949
444	241.51249233896075
445	252.0481288746317
446	193.1900575430896
447	187.57404721100622
448	186.6100783402878
449	200.73515994630134
450	146.86368432058174
451	168.8356712873322
452	153.91335389851974
453	197.07127184693658
454	115.007269008293
455	157.43344357388975
456	80.58072492817597
457	268.46250252889416
458	185.78900026587058
459	255.12989462521637
460	180.28000034497197
461	139.72738468160097
462	172.08437777868966
463	240.99395119322534
464	377.0735339751934
465	121.07626573023677
466	295.5211516269972
467	300.4767884585306
468	175.79670153573923
469	279.3091443774415
470	75.98399492345484
471	87.35698773270342
472	138.53299277314005
473	151.44677960821687
474	218.94412850743194
475	241.89899688054345
476	160.01287508894845
477	238.2188328281609
478	204.93117565913113
479	91.6974245016864
480	87.72755791225669
481	144.84937485043264
482	202.46866938330325
483	144.74628436116308
484	221.2471832412988
485	209.89926205391353
486	153.68240051753358
487	140.62340753090865
488	75.62101420024051
489	186.90804104932067
490	153.3550937772905
491	203.90714748968335
492	204.54028763542837
493	67.13823642862444
494	286.5281700273047
495	291.1305731561022
496	294.5752606354009
497	287.3011696116857
498	142.38518388739206
499	70.09366276707853
500	227.48254632160874
501	227.5034126013508
502	184.14646361946666
503	127.7592848064074
504	191.99906026577827
505	211.00353733054962
506	141.94979594925005
507	120.26738673340809
508	213.27490191832973
509	264.6392922866958
510	237.00113365613245
511	93.0876447527548
512	118.80554518204741
513	192.72645101243802
514	192.54841364080858
515	102.11577677057433
516	243.57615694594702
517	245.62290096744772
518	65.63606953629998
519	293.8881766468824
520	139.84900671987805
521	165.86836039739586
522	217.1123201566611
523	240.95773597783133
524	105.55379831663664
525	153.13192096694857
526	196.6409357866246
527	336.2913740424335
528	156.99404755135902
529	140.97030356670896
530	314.70904405740754
531	132.90009871456812
532	249.4975542060627
533	235.2210637342902
534	159.67399328477998
535	158.5640166685914
536	156.8674103898259
537	156.85149079412687
538	157.23502089252904
539	159.60086400773758
540	155.5059020414982
541	158.7653307927335
542	242.97638090452372
543	252.7946268398263
544	258.5162591461158
545	207.8571177611479
546	194.9312266275297
547	93.48994597184696
548	97.23533725573034
549	303.1317898398005
550	242.85506834942504
551	214.34781851421522
552	270.8665936904346
553	319.44846910268853
554	128.29752502695968
555	207.2532675828965
556	212.55682470440055
557	148.04802208600526
558	145.36028403857622
559	95.91264589575756
560	79.16097301958037
561	262.45515945162794
562	262.09412413902874
563	150.71644242000914
564	194.9350618208458
565	117.00314592933297
566	46.38362527798498
567	63.405347514225305
568	425.6083879591601
569	157.94000452055806
570	139.15105176047527
571	315.89448647614967
572	180.54996860527234
573	199.65432779425063
574	219.07828154752295
575	241.28995671282348
576	160.05286615136484
577	122.31073623791691
578	105.53483785462447
579	229.63820372176488
580	239.27954639528346
581	257.9696215747956
582	100.47290694635346
583	183.53696753371307
584	204.7231348681465
585	145.43629924544027
586	282.9590015680524
587	260.8126625075211
588	144.66942517312552
589	153.89704842905618
590	247.0928789709041
591	128.5193332594618
592	253.08029762562745
593	221.29702829190776
594	176.99060509711023
595	177.2095349514527
596	170.68913491794214
597	203.9013630910058
598	172.31551216208138
599	179.13200399161175
600	155.8446756477859
601	178.93120208839824
602	190.38420755118958
603	189.3012276723793
604	198.30283484567167
605	219.4246316586304
606	149.33926072379035
607	175.21309432752008
608	182.8042978715326
609	185.43044192048887
610	206.6927752934071
611	205.8905943151109
612	205.7274173188072
613	133.6562215366695
614	205.95543608804533
615	136.28468306760664
616	191.0853098078584
617	203.7776236386982
618	197.0693181436087
619	173.17660657196055
620	204.15378209522112
621	203.7884971701142
622	204.8581763993366
623	205.2471640106681
624	202.90851378373532
625	206.69978191877016
626	134.80903997971004
627	167.76013866773724
628	158.71892893827942
629	205.31466333449492
630	205.54556377424592
631	203.98617498667682
632	192.25276392050162
633	197.0357018815314
634	145.58937614554495
635	170.50424656084462
636	205.1763577156465
637	206.41262532479058
638	205.1514393206179
639	205.5187925588472
640	135.26514344434554
641	204.94831986389025
642	230.69762866685272
643	177.11317753662448
644	161.62216134176023
645	172.74805794062644
646	205.45672208173988
647	140.37530914585676
648	206.54904255838906
649	165.70148355807865
650	206.26293807409863
651	206.19220688762323
652	207.2059361342732
653	203.45292288647968
654	186.25011606675423
655	202.37983996393666
656	205.7519012883546
657	205.77226424750046
658	205.52885500980526
659	204.16046033739488
660	214.35568383034888
661	170.36301582009224
662	142.0200136119676
663	200.63222026763498
664	206.45437929037485
665	134.36208472644864
666	181.08537467938348
667	203.14298535632142
668	203.73746437012431
669	204.83571334609277
670	204.99003187441093
671	152.55968825271407
672	206.667487641753
673	204.13816919170986
674	205.32236102183572
675	193.72101796183347
676	205.6845685699253
677	206.87056239801893
678	205.87482629521287
679	206.05119432952475
680	206.25048731931275
681	206.29205643174868
682	207.85497575333062
683	148.01728131261532
684	196.72645921378654
685	175.95901134657296
686	133.7275596968037
687	150.26514609911254
688	159.8068881008147
689	206.11481531818188
690	171.52521474180207
691	223.48678339220277
692	153.5054160400224
693	134.23663425789707
694	205.4405348350637
695	179.78445536777392
696	204.82671164415052
697	204.43741421834326
698	154.6546241896764
699	134.00259282936824
700	204.50384599587605
701	206.210281589817
702	179.97909917294712
703	142.270219481202
704	135.92290602588488
705	201.92229147280943
706	172.76254995559358
707	204.91762713565657
708	202.52340631116712
709	207.73720019998515
710	206.2256011450573
711	156.87606738968168
712	205.46912130137923
713	191.43726124315572
714	157.89103357599032
715	206.01487069643937
716	205.58513996784782
717	203.5572329727673
718	205.45815775525736
719	208.9191377795703
720	210.54952514661193
721	167.9608825705969
722	186.2891550283845
723	158.35581179564088
724	134.33323808172173
725	174.7038335073899
726	138.8623050518225
727	182.83277115857803
728	159.33132673274585
729	176.77826322208264
730	154.94447929395474
731	170.91941851082277
732	324.0290437978376
733	197.98581982078912
734	140.6637735734396
735	246.54077129786953
736	122.5619506093788
737	55.957902393536145
738	55.782758933194586
739	108.16444320186469
740	145.6491249694285
741	117.63037870196861
742	196.71231542435618
743	168.64994384046858
744	309.3925421835567
745	309.07268121384135
746	152.27520974541122
747	187.75512800945728
748	174.8966527020553
749	165.28421982264376
750	80.30888779891757
751	380.3622759568388
752	253.50873634564434
753	91.22704802431703
754	158.702191991424
755	207.6883331678852
756	132.7669720096317
757	146.58652919449648
758	147.6160633401023
759	224.63115317470513
760	257.74416782549645
761	119.78227789605909
762	349.1325196903536
763	328.8199691113859
764	167.6907089432783
765	211.33683287838997
766	191.74747693484085
767	207.79632803407398
768	164.9067963359993
769	198.118881871488
770	147.7657949520874
771	119.59602938879489
772	149.16603815071227
773	199.7682166688957
774	200.74495483731604
775	149.81460484455732
776	86.15778060976534
777	99.43413034828713
778	110.65784885624537
779	149.71900556657965
780	186.31394793384703
781	254.33486696857236
782	261.42819792914304
783	120.66128659886672
784	133.83175318453567
785	140.69876364412065
786	133.42686430637775
787	194.47144974754949
788	93.62030956709096
789	249.69169994845348
790	113.28253550418087
791	240.166317743509
792	160.2968874371922
793	265.0832315202637
794	128.25518244425515
795	539.8830702758992
796	187.0979204192507
797	237.09830079286897
798	318.3129191615203
799	307.1941143671793
800	238.40556139956556
801	93.94736932629131
802	97.36487236368326
803	138.91180913909906
804	137.58633531336147
805	253.36901275920505
806	180.7621991066655
807	134.53708154665478
808	226.38599780405744
809	221.0137343628636
810	240.6248168354404
811	248.46580796384552
812	149.14742481612382
813	193.66957514208391
814	164.2250867977936
815	194.16467426543417
816	193.78698995339735
817	170.77025699333348
818	191.39408209364538
819	104.98445141844071
820	101.42446156264768
821	181.9113321818238
822	178.60359459509266
823	232.2283181142981
824	339.2477045009512
825	325.2728731046753
826	91.0880343815017
827	132.96524074188497
828	193.1042969879811
829	201.04040849784155
830	124.2950611147119
831	122.01357534658422
832	102.66649544348603
833	147.3141298858568
834	237.59581030436263
835	229.8091716014711
836	166.95162177037318
837	177.7237295108938
838	175.786015476565
839	198.49278536042777
840	138.56734947446455
841	138.46599311751868
842	196.01275599232002
843	234.54953540508401
844	153.13721770840687
845	144.20030557552735
846	217.87670317615434
847	204.76719225859847
848	104.26433278697668
849	121.83880258797589
850	216.33673715718643
851	217.51339378364867
852	154.69031212022324
853	192.70557564314223
854	240.14432064020906
855	331.3305074101416
856	103.6388077061835
857	122.18461816211976
858	168.26153790451593
859	266.818862882093
860	309.31331541187257
861	112.52748736388571
862	146.70138713829044
863	94.69724010679514
864	139.40723355673154
865	230.80984226368022
866	165.06220118082152
867	181.5193443038692
868	277.71413191496674
869	157.3031358186798
870	211.76258090686255
871	129.34588261337518
872	122.49401180717221
873	273.1182613771332
874	189.36778149776555
875	191.00745327369734
876	123.24798676816835
877	208.20343881892808
878	137.7826608568648
879	150.41052950642108
880	144.82271077181548
881	367.072814502412
882	169.62094978701458
883	171.6174652648484
884	143.3970737937295
885	127.76618998838408
886	256.4651951187817
887	260.69616544629497
888	224.95936406629883
889	96.02911851086564
890	247.36125360553032
891	232.0639655257342
892	223.79222084715622
893	315.1376703169036
894	298.77764705563936
895	354.10319502753833
896	302.9173538193764
897	244.18009916462867
898	116.78154419281427
899	115.42640981735931
900	127.72457715453861
901	289.3557840154758
902	97.5254580573177
903	285.4175559781577
904	285.4762425617795
905	284.89516689414233
906	285.6048627223829
907	285.29135879456123
908	246.15791261803
909	285.713126926223
910	102.8564580721194
911	285.53294357561606
912	323.84526683665035
913	285.4708901149201
914	323.1603675762469
915	141.2788204178106
916	149.29233575615729
917	285.41582832458056
918	286.19469056588275
919	170.94332872054633
920	284.65359870562776
921	285.5408776643986
922	171.0639912178125
923	147.33891969230513
924	170.8730549188665
925	159.4234373640251
926	285.57687107676065
927	170.9126347500832
928	71.65188703249049
929	176.5898158286801
930	285.6079101957399
931	158.88742244691687
932	285.6048627223829
933	285.80446375973787
934	285.48407719496254
935	272.14264250961276
936	324.49333637834997
937	270.8569566543073
938	285.8470213504109
939	272.4178489231154
940	270.9778082878617
941	286.1014221629384
942	324.62665068325686
943	285.50509207565284
944	322.834933335795
945	285.70729325327653
946	323.2815734845682
947	286.0727788610272
948	285.7841986180249
949	397.48285636428193
950	324.6142151360514
951	141.42592344993096
952	284.8471521480147
953	285.42201195442175
954	285.37812199387525
955	123.27687098032258
956	140.47835025643633
957	285.37008646067295
958	240.74679376735762
959	180.78286067651314
960	284.9522145044276
961	285.4365965668948
962	275.64081856700153
963	285.46752324758717
964	182.50003180463517
965	285.8245132403932
966	285.5408776643986
967	285.8392042307194
968	211.02263226497004
969	250.6233069004859
970	285.37615861676557
971	284.7456246877267
972	183.14490915152413
973	285.56420397334057
974	164.02259549727316
975	285.06557878960206
976	284.86360386600165
977	322.843359886821
978	285.80869336235116
979	172.08245358376126
980	285.5034647774909
981	285.29135879456123
982	322.96443319414755
983	285.6925330649711
984	85.37961748872148
985	141.3856826350426
986	141.82923657887824
987	78.58896222055547
988	284.76560369152725
989	395.6707569004957
990	285.70729325327653
991	323.2815734845682
992	240.74679376735762
993	180.78286067651314
994	322.77477533793467
995	286.95809792548533
996	286.4584198772165
997	286.7089555357638
998	272.53388653974685
